# TIMESTAMP	THROUGHPUT
0.00	0.000000
0.01	18.511200
0.02	4.058400
0.03	10.995200
0.04	11.336000
0.05	13.589600
0.06	12.467200
0.07	11.167200
0.08	14.720000
0.09	11.336800
0.10	10.997600
0.11	14.550400
0.12	10.912800
0.13	14.550400
0.14	12.124000
0.15	13.339200
0.16	14.465600
0.17	10.997600
0.18	14.465600
0.19	10.997600
0.20	10.912800
0.21	14.552000
0.22	10.915200
0.23	14.553600
0.24	13.337600
0.25	12.131200
0.26	14.468000
0.27	11.000800
0.28	10.915200
0.29	14.553600
0.30	10.916800
0.31	14.556800
0.32	10.917600
0.33	14.556800
0.34	10.917600
0.35	14.471200
0.36	13.425600
0.37	12.134400
0.38	10.917600
0.39	14.471200
0.40	11.003200
0.41	14.471200
0.42	11.003200
0.43	14.556800
0.44	10.917600
0.45	14.556800
0.46	10.917600
0.47	14.471200
0.48	11.003200
0.49	14.471200
0.50	11.003200
0.51	14.300000
0.52	13.083200
0.53	11.792000
0.54	7.107200
0.55	0.000000
0.56	0.000000
0.57	0.000000
0.58	0.000000
0.59	0.000000
0.60	0.000000
0.61	0.000000
0.62	0.000000
0.63	0.000000
0.64	0.000000
0.65	0.000000
0.66	0.000000
0.67	0.000000
0.68	0.000000
0.69	0.000000
0.70	0.000000
0.71	0.000000
0.72	0.000000
0.73	0.000000
0.74	0.000000
0.75	0.000000
0.76	0.000000
0.77	0.000000
0.78	0.000000
0.79	0.000000
0.80	0.000000
0.81	0.000000
0.82	0.000000
0.83	0.000000
0.84	0.000000
0.85	0.000000
0.86	0.000000
0.87	0.000000
0.88	0.000000
0.89	0.000000
0.90	0.000000
0.91	0.000000
0.92	0.000000
0.93	0.000000
0.94	0.000000
0.95	0.000000
0.96	0.000000
0.97	0.000000
0.98	0.000000
0.99	0.000000
1.00	0.000000
1.01	0.000000
1.02	0.000000
1.03	0.000000
1.04	0.000000
1.05	0.000000
1.06	0.000000
1.07	0.000000
1.08	0.000000
1.09	0.000000
1.10	0.000000
1.11	0.000000
1.12	0.000000
1.13	0.000000
1.14	0.000000
1.15	0.000000
1.16	0.000000
1.17	0.000000
1.18	0.000000
1.19	0.000000
1.20	0.000000
1.21	0.000000
1.22	0.000000
1.23	0.000000
1.24	0.000000
1.25	0.000000
1.26	0.000000
1.27	0.000000
1.28	0.000000
1.29	0.000000
1.30	0.000000
1.31	0.000000
1.32	0.000000
1.33	0.000000
1.34	0.000000
1.35	0.000000
1.36	0.000000
1.37	0.000000
1.38	0.000000
1.39	0.000000
1.40	0.000000
1.41	0.000000
1.42	0.000000
1.43	0.000000
1.44	0.000000
1.45	0.000000
1.46	0.000000
1.47	0.000000
1.48	0.000000
1.49	0.000000
1.50	0.000000
1.51	0.000000
1.52	0.000000
1.53	0.000000
1.54	0.000000
1.55	3.553600
1.56	0.000000
1.57	0.000000
1.58	0.000000
1.59	0.000000
1.60	0.000000
1.61	0.000000
1.62	0.000000
1.63	0.000000
1.64	0.000000
1.65	0.000000
1.66	0.000000
1.67	0.000000
1.68	0.000000
1.69	0.000000
1.70	0.000000
1.71	0.000000
1.72	0.000000
1.73	0.000000
1.74	0.000000
1.75	0.000000
1.76	0.000000
1.77	0.000000
1.78	0.000000
1.79	0.000000
1.80	0.000000
1.81	0.000000
1.82	0.000000
1.83	0.000000
1.84	0.000000
1.85	0.000000
1.86	0.000000
1.87	0.000000
1.88	0.000000
1.89	0.000000
1.90	0.000000
1.91	0.000000
1.92	0.000000
1.93	0.000000
1.94	0.000000
1.95	0.000000
1.96	0.000000
1.97	0.000000
1.98	0.000000
1.99	0.000000
2.00	0.000000
2.01	0.000000
2.02	0.000000
2.03	0.000000
2.04	0.000000
2.05	0.000000
2.06	0.000000
2.07	0.000000
2.08	0.000000
2.09	0.000000
2.10	0.000000
2.11	0.000000
2.12	0.000000
2.13	0.000000
2.14	0.000000
2.15	0.000000
2.16	0.000000
2.17	0.000000
2.18	0.000000
2.19	0.000000
2.20	0.000000
2.21	0.000000
2.22	0.000000
2.23	0.000000
2.24	0.000000
2.25	0.000000
2.26	0.000000
2.27	0.000000
2.28	0.000000
2.29	0.000000
2.30	0.000000
2.31	0.000000
2.32	0.000000
2.33	0.000000
2.34	0.000000
2.35	0.000000
2.36	0.000000
2.37	0.000000
2.38	0.000000
2.39	0.000000
2.40	0.000000
2.41	0.000000
2.42	0.000000
2.43	0.000000
2.44	0.000000
2.45	0.000000
2.46	0.000000
2.47	0.000000
2.48	0.000000
2.49	0.000000
2.50	0.000000
2.51	0.000000
2.52	0.000000
2.53	0.000000
2.54	0.000000
2.55	3.553600
2.56	0.000000
2.57	0.000000
2.58	0.000000
2.59	0.000000
2.60	0.000000
2.61	0.000000
2.62	0.000000
2.63	0.000000
2.64	0.000000
2.65	0.000000
2.66	0.000000
2.67	0.000000
2.68	0.000000
2.69	0.000000
2.70	0.000000
2.71	0.000000
2.72	0.000000
2.73	0.000000
2.74	0.000000
2.75	0.000000
2.76	0.000000
2.77	0.000000
2.78	0.000000
2.79	0.000000
2.80	0.000000
2.81	0.000000
2.82	0.000000
2.83	0.000000
2.84	0.000000
2.85	0.000000
2.86	0.000000
2.87	0.000000
2.88	0.000000
2.89	0.000000
2.90	0.000000
2.91	0.000000
2.92	0.000000
2.93	0.000000
2.94	0.000000
2.95	0.000000
2.96	0.000000
2.97	0.000000
2.98	0.000000
2.99	0.000000
3.00	0.000000
3.01	0.000000
3.02	0.000000
3.03	0.000000
3.04	0.000000
3.05	0.000000
3.06	0.000000
3.07	0.000000
3.08	0.000000
3.09	0.000000
3.10	0.000000
3.11	0.000000
3.12	0.000000
3.13	0.000000
3.14	0.000000
3.15	0.000000
3.16	0.000000
3.17	0.000000
3.18	0.000000
3.19	0.000000
3.20	0.000000
3.21	0.000000
3.22	0.000000
3.23	0.000000
3.24	0.000000
3.25	0.000000
3.26	0.000000
3.27	0.000000
3.28	0.000000
3.29	0.000000
3.30	0.000000
3.31	0.000000
3.32	0.000000
3.33	0.000000
3.34	0.000000
3.35	0.000000
3.36	0.000000
3.37	0.000000
3.38	0.000000
3.39	0.000000
3.40	0.000000
3.41	0.000000
3.42	0.000000
3.43	0.000000
3.44	0.000000
3.45	0.000000
3.46	0.000000
3.47	0.000000
3.48	0.000000
3.49	0.000000
3.50	0.000000
3.51	0.000000
3.52	0.000000
3.53	0.000000
3.54	0.000000
3.55	0.000000
3.56	3.553600
3.57	0.000000
3.58	0.000000
3.59	0.000000
3.60	0.000000
3.61	0.000000
3.62	0.000000
3.63	0.000000
3.64	0.000000
3.65	0.000000
3.66	0.000000
3.67	0.000000
3.68	0.000000
3.69	0.000000
3.70	0.000000
3.71	0.000000
3.72	0.000000
3.73	0.000000
3.74	0.000000
3.75	0.000000
3.76	0.000000
3.77	0.000000
3.78	0.000000
3.79	0.000000
3.80	0.000000
3.81	0.000000
3.82	0.000000
3.83	0.000000
3.84	0.000000
3.85	0.000000
3.86	0.000000
3.87	0.000000
3.88	0.000000
3.89	0.000000
3.90	0.000000
3.91	0.000000
3.92	0.000000
3.93	0.000000
3.94	0.000000
3.95	0.000000
3.96	0.000000
3.97	0.000000
3.98	0.000000
3.99	0.000000
4.00	0.000000
4.01	0.000000
4.02	0.000000
4.03	0.000000
4.04	0.000000
4.05	0.000000
4.06	0.000000
4.07	0.000000
4.08	0.000000
4.09	0.000000
4.10	0.000000
4.11	0.000000
4.12	0.000000
4.13	0.000000
4.14	0.000000
4.15	0.000000
4.16	0.000000
4.17	0.000000
4.18	0.000000
4.19	0.000000
4.20	0.000000
4.21	0.000000
4.22	0.000000
4.23	0.000000
4.24	0.000000
4.25	0.000000
4.26	0.000000
4.27	0.000000
4.28	0.000000
4.29	0.000000
4.30	0.000000
4.31	0.000000
4.32	0.000000
4.33	0.000000
4.34	0.000000
4.35	0.000000
4.36	0.000000
4.37	0.000000
4.38	0.000000
4.39	0.000000
4.40	0.000000
4.41	0.000000
4.42	0.000000
4.43	0.000000
4.44	0.000000
4.45	0.000000
4.46	0.085600
4.47	3.810400
4.48	7.449600
4.49	14.471200
4.50	11.003200
4.51	14.556800
4.52	11.174400
4.53	14.728000
4.54	11.345600
4.55	14.728000
4.56	11.345600
4.57	14.728000
4.58	11.174400
4.59	11.260000
4.60	14.471200
4.61	11.003200
4.62	14.556800
4.63	10.917600
4.64	14.556800
4.65	10.917600
4.66	14.556800
4.67	10.917600
4.68	14.471200
4.69	11.003200
4.70	14.471200
4.71	11.003200
4.72	14.471200
4.73	11.003200
4.74	14.556800
4.75	10.917600
4.76	10.917600
4.77	10.917600
4.78	14.556800
4.79	13.340000
4.80	12.134400
4.81	10.917600
4.82	14.556800
4.83	10.917600
4.84	14.556800
4.85	10.917600
4.86	14.471200
4.87	11.003200
4.88	14.471200
4.89	11.003200
4.90	14.556800
4.91	10.917600
4.92	14.556800
4.93	13.340000
4.94	12.134400
4.95	10.917600
4.96	14.556800
4.97	10.917600
4.98	14.556800
4.99	10.917600
5.00	10.917600
5.01	14.471200
5.02	11.003200
5.03	14.471200
5.04	11.003200
5.05	10.917600
5.06	14.556800
5.07	13.340000
5.08	12.048800
5.09	14.556800
5.10	11.003200
5.11	14.471200
5.12	11.003200
5.13	10.917600
5.14	14.556800
5.15	10.917600
5.16	14.556800
5.17	10.917600
5.18	14.556800
5.19	13.340000
5.20	12.134400
5.21	14.471200
5.22	11.003200
5.23	10.917600
5.24	14.471200
5.25	11.003200
5.26	14.556800
5.27	12.128800
5.28	13.345600
5.29	13.340000
5.30	12.134400
5.31	10.917600
5.32	14.471200
5.33	12.214400
5.34	13.088800
5.35	11.174400
5.36	10.917600
5.37	14.556800
5.38	10.917600
5.39	14.556800
5.40	10.917600
5.41	14.471200
5.42	11.003200
5.43	14.471200
5.44	11.003200
5.45	14.471200
5.46	11.003200
5.47	14.556800
5.48	10.917600
5.49	14.471200
5.50	10.917600
5.51	14.556800
5.52	11.003200
5.53	14.471200
5.54	11.003200
5.55	14.471200
5.56	11.003200
5.57	14.556800
5.58	10.917600
5.59	14.471200
5.60	11.003200
5.61	14.471200
5.62	11.003200
5.63	14.471200
5.64	11.003200
5.65	14.471200
5.66	11.003200
5.67	14.471200
5.68	11.003200
5.69	14.471200
5.70	11.003200
5.71	14.471200
5.72	11.003200
5.73	14.471200
5.74	11.003200
5.75	14.556800
5.76	10.917600
5.77	14.471200
5.78	11.003200
5.79	14.471200
5.80	11.003200
5.81	14.471200
5.82	11.003200
5.83	14.471200
5.84	10.917600
5.85	14.556800
5.86	11.003200
5.87	14.471200
5.88	11.003200
5.89	14.471200
5.90	11.003200
5.91	14.471200
5.92	11.003200
5.93	14.471200
5.94	11.003200
5.95	13.340000
5.96	8.495200
5.97	14.556800
5.98	10.917600
5.99	14.556800
6.00	10.917600
6.01	14.471200
6.02	13.425600
6.03	12.134400
6.04	10.917600
6.05	14.471200
6.06	11.003200
6.07	14.471200
6.08	11.003200
6.09	14.556800
6.10	10.917600
6.11	14.556800
6.12	14.471200
6.13	11.003200
6.14	10.917600
6.15	14.556800
6.16	10.917600
6.17	14.556800
6.18	12.128800
6.19	13.345600
6.20	10.917600
6.21	14.556800
6.22	13.340000
6.23	12.048800
6.24	11.003200
6.25	14.471200
6.26	11.003200
6.27	14.471200
6.28	11.003200
6.29	14.556800
6.30	10.917600
6.31	14.556800
6.32	10.917600
6.33	14.471200
6.34	11.003200
6.35	14.300000
6.36	11.174400
6.37	14.471200
6.38	11.003200
6.39	14.471200
6.40	11.003200
6.41	14.556800
6.42	10.917600
6.43	14.471200
6.44	11.003200
6.45	14.471200
6.46	11.003200
6.47	14.471200
6.48	11.003200
6.49	14.556800
6.50	10.917600
6.51	14.471200
6.52	11.003200
6.53	14.556800
6.54	10.917600
6.55	14.556800
6.56	3.639200
6.57	0.000000
6.58	0.000000
6.59	0.000000
6.60	0.000000
6.61	0.000000
6.62	0.000000
6.63	14.556800
6.64	12.128800
6.65	13.345600
6.66	14.471200
6.67	11.003200
6.68	14.471200
6.69	10.917600
6.70	11.003200
6.71	14.471200
6.72	11.004000
6.73	14.560000
6.74	13.342400
6.75	12.137600
6.76	13.342400
6.77	12.137600
6.78	10.920000
6.79	14.560000
6.80	10.920000
6.81	14.561600
6.82	10.922400
6.83	14.563200
6.84	13.344800
6.85	12.054400
6.86	12.220000
6.87	13.265600
6.88	11.008800
6.89	14.563200
6.90	10.922400
6.91	14.563200
6.92	10.922400
6.93	14.563200
6.94	13.344800
6.95	12.140800
6.96	14.476800
6.97	10.922400
6.98	11.008800
6.99	14.563200
7.00	10.922400
7.01	14.563200
7.02	13.344800
7.03	12.140800
7.04	12.133600
7.05	13.352000
7.06	10.922400
7.07	14.563200
7.08	10.922400
7.09	14.563200
7.10	10.922400
7.11	14.563200
7.12	10.922400
7.13	14.563200
7.14	10.922400
7.15	14.563200
7.16	10.922400
7.17	14.476800
7.18	11.008800
7.19	14.476800
7.20	11.008800
7.21	14.476800
7.22	11.008800
7.23	14.563200
7.24	10.922400
7.25	14.476800
7.26	11.008800
7.27	14.476800
7.28	10.922400
7.29	14.563200
7.30	11.008800
7.31	14.563200
7.32	10.922400
7.33	14.476800
7.34	11.008800
7.35	14.476800
7.36	11.008800
7.37	14.476800
7.38	11.008800
7.39	14.476800
7.40	11.008800
7.41	14.563200
7.42	10.922400
7.43	14.476800
7.44	11.008800
7.45	14.476800
7.46	11.008800
7.47	14.476800
7.48	11.008800
7.49	14.563200
7.50	10.922400
7.51	14.563200
7.52	10.922400
7.53	14.390400
7.54	11.095200
7.55	14.563200
7.56	10.922400
7.57	14.563200
7.58	10.922400
7.59	14.563200
7.60	10.922400
7.61	14.476800
7.62	11.008800
7.63	14.563200
7.64	10.922400
7.65	14.563200
7.66	10.922400
7.67	14.563200
7.68	10.922400
7.69	14.476800
7.70	11.008800
7.71	14.476800
7.72	11.008800
7.73	14.563200
7.74	10.922400
7.75	14.563200
7.76	13.344800
7.77	12.140800
7.78	14.476800
7.79	10.836000
7.80	11.095200
7.81	14.563200
7.82	10.922400
7.83	14.563200
7.84	10.922400
7.85	14.563200
7.86	10.836000
7.87	14.563200
7.88	11.008800
7.89	14.476800
7.90	11.008800
7.91	14.476800
7.92	11.008800
7.93	14.476800
7.94	11.008800
7.95	14.476800
7.96	13.258400
7.97	12.227200
7.98	11.008800
7.99	14.476800
8.00	11.008800
8.01	14.563200
8.02	10.922400
8.03	14.563200
8.04	10.922400
8.05	14.563200
8.06	10.922400
8.07	10.922400
8.08	14.563200
8.09	10.922400
8.10	14.563200
8.11	10.922400
8.12	14.563200
8.13	13.344800
8.14	12.140800
8.15	14.476800
8.16	11.008800
8.17	10.922400
8.18	14.563200
8.19	12.133600
8.20	13.352000
8.21	13.344800
8.22	12.140800
8.23	14.476800
8.24	11.008800
8.25	10.922400
8.26	14.563200
8.27	10.922400
8.28	14.563200
8.29	10.922400
8.30	14.563200
8.31	13.344800
8.32	12.140800
8.33	14.476800
8.34	11.008800
8.35	10.922400
8.36	14.563200
8.37	10.922400
8.38	14.563200
8.39	10.922400
8.40	14.563200
8.41	13.344800
8.42	12.140800
8.43	10.922400
8.44	14.563200
8.45	10.922400
8.46	14.563200
8.47	10.922400
8.48	14.563200
8.49	13.344800
8.50	12.140800
8.51	14.476800
8.52	11.008800
8.53	10.922400
8.54	14.476800
8.55	11.008800
8.56	14.563200
8.57	10.922400
8.58	14.563200
8.59	10.922400
8.60	14.563200
8.61	10.922400
8.62	14.476800
8.63	11.008800
8.64	14.476800
8.65	11.008800
8.66	14.476800
8.67	11.008800
8.68	14.563200
8.69	10.922400
8.70	14.563200
8.71	10.922400
8.72	14.476800
8.73	11.008800
8.74	14.476800
8.75	11.008800
8.76	14.476800
8.77	11.008800
8.78	14.476800
8.79	11.008800
8.80	10.922400
8.81	14.563200
8.82	13.344800
8.83	12.140800
8.84	13.344800
8.85	12.140800
8.86	14.476800
8.87	11.008800
8.88	14.390400
8.89	11.095200
8.90	10.922400
8.91	14.563200
8.92	10.922400
8.93	14.563200
8.94	10.922400
8.95	14.563200
8.96	10.922400
8.97	14.304000
8.98	11.181600
8.99	14.476800
9.00	11.008800
9.01	14.476800
9.02	11.008800
9.03	14.476800
9.04	11.008800
9.05	14.476800
9.06	11.008800
9.07	14.476800
9.08	11.008800
9.09	13.344800
9.10	12.140800
9.11	14.476800
9.12	11.008800
9.13	14.476800
9.14	10.922400
9.15	14.563200
9.16	11.008800
9.17	10.922400
9.18	14.563200
9.19	13.344800
9.20	12.140800
9.21	12.133600
9.22	13.352000
9.23	10.922400
9.24	13.344800
9.25	12.140800
9.26	10.922400
9.27	14.476800
9.28	11.008800
9.29	14.476800
9.30	11.008800
9.31	14.563200
9.32	10.922400
9.33	14.563200
9.34	10.922400
9.35	14.476800
9.36	11.008800
9.37	14.476800
9.38	11.008800
9.39	14.390400
9.40	11.095200
9.41	14.563200
9.42	10.922400
9.43	14.476800
9.44	11.008800
9.45	13.344800
9.46	12.140800
9.47	14.476800
9.48	11.008800
9.49	14.476800
9.50	11.008800
9.51	14.476800
9.52	11.008800
9.53	10.922400
9.54	14.563200
9.55	13.344800
9.56	12.140800
9.57	13.344800
9.58	12.140800
9.59	13.344800
9.60	12.140800
9.61	13.344800
9.62	12.140800
9.63	10.922400
9.64	14.476800
9.65	11.008800
9.66	14.563200
9.67	10.922400
9.68	14.563200
9.69	10.922400
9.70	14.563200
9.71	12.133600
9.72	13.265600
9.73	11.008800
9.74	14.476800
9.75	11.008800
9.76	14.476800
9.77	11.008800
9.78	14.563200
9.79	10.922400
9.80	14.563200
9.81	10.922400
9.82	14.476800
9.83	11.008800
9.84	14.476800
9.85	11.008800
9.86	14.476800
9.87	11.008800
9.88	14.476800
9.89	11.008800
9.90	14.476800
9.91	11.008800
9.92	14.476800
9.93	11.008800
9.94	14.476800
9.95	11.008800
9.96	14.476800
9.97	11.008800
9.98	14.390400
9.99	11.095200
10.00	13.344800
10.01	12.140800
10.02	13.344800
10.03	12.140800
10.04	13.344800
10.05	12.140800
10.06	13.344800
10.07	12.140800
10.08	10.922400
10.09	14.563200
10.10	10.922400
10.11	14.563200
10.12	10.922400
10.13	14.563200
10.14	13.344800
10.15	12.140800
10.16	13.344800
10.17	12.140800
10.18	10.922400
10.19	14.563200
10.20	10.922400
10.21	14.476800
10.22	11.008800
10.23	14.476800
10.24	11.008800
10.25	14.563200
10.26	10.922400
10.27	14.476800
10.28	11.008800
10.29	14.476800
10.30	11.008800
10.31	14.476800
10.32	10.922400
10.33	14.563200
10.34	11.008800
10.35	14.476800
10.36	11.008800
10.37	13.344800
10.38	12.140800
10.39	13.344800
10.40	12.140800
10.41	13.344800
10.42	12.140800
10.43	14.476800
10.44	11.008800
10.45	10.922400
10.46	14.563200
10.47	10.922400
10.48	14.563200
10.49	10.922400
10.50	14.563200
10.51	10.922400
10.52	14.563200
10.53	10.922400
10.54	14.476800
10.55	11.008800
10.56	14.476800
10.57	11.008800
10.58	14.476800
10.59	11.008800
10.60	14.476800
10.61	11.008800
10.62	14.476800
10.63	11.008800
10.64	13.344800
10.65	12.140800
10.66	13.344800
10.67	12.140800
10.68	14.476800
10.69	11.008800
10.70	14.476800
10.71	11.008800
10.72	14.476800
10.73	11.008800
10.74	10.922400
10.75	14.563200
10.76	10.922400
10.77	14.563200
10.78	10.922400
10.79	14.563200
10.80	13.344800
10.81	12.140800
10.82	10.922400
10.83	14.476800
10.84	11.008800
10.85	14.476800
10.86	11.008800
10.87	14.563200
10.88	10.922400
10.89	14.563200
10.90	12.133600
10.91	13.265600
10.92	11.008800
10.93	14.476800
10.94	11.008800
10.95	14.476800
10.96	11.008800
10.97	14.476800
10.98	11.008800
10.99	14.563200
11.00	10.922400
11.01	13.344800
11.02	12.140800
11.03	12.133600
11.04	13.352000
11.05	13.344800
11.06	12.140800
11.07	12.133600
11.08	13.352000
11.09	10.922400
11.10	14.476800
11.11	11.008800
11.12	14.476800
11.13	11.008800
11.14	14.563200
11.15	10.922400
11.16	14.476800
11.17	11.008800
11.18	14.563200
11.19	10.922400
11.20	14.476800
11.21	11.008800
11.22	14.476800
11.23	11.008800
11.24	14.476800
11.25	11.008800
11.26	14.476800
11.27	11.008800
11.28	10.922400
11.29	14.563200
11.30	13.344800
11.31	12.140800
11.32	13.344800
11.33	12.140800
11.34	14.476800
11.35	11.008800
11.36	14.476800
11.37	11.008800
11.38	10.922400
11.39	14.563200
11.40	10.922400
11.41	14.563200
11.42	10.922400
11.43	14.476800
11.44	11.008800
11.45	14.563200
11.46	10.922400
11.47	14.476800
11.48	11.008800
11.49	14.476800
11.50	11.008800
11.51	14.476800
11.52	11.008800
11.53	14.563200
11.54	10.922400
11.55	14.476800
11.56	2.508800
11.57	3.554400
11.58	11.008800
11.59	14.476800
11.60	11.008800
11.61	14.476800
11.62	11.008800
11.63	14.563200
11.64	10.922400
11.65	14.476800
11.66	11.008800
11.67	14.476800
11.68	10.922400
11.69	14.563200
11.70	11.008800
11.71	14.476800
11.72	11.008800
11.73	14.476800
11.74	11.008800
11.75	13.344800
11.76	12.140800
11.77	13.344800
11.78	12.140800
11.79	13.344800
11.80	12.140800
11.81	13.344800
11.82	12.140800
11.83	10.922400
11.84	14.390400
11.85	11.095200
11.86	14.476800
11.87	11.008800
11.88	14.563200
11.89	10.922400
11.90	14.563200
11.91	10.922400
11.92	14.476800
11.93	11.008800
11.94	14.476800
11.95	11.008800
11.96	14.476800
11.97	11.008800
11.98	14.476800
11.99	11.008800
12.00	14.563200
12.01	10.922400
12.02	14.563200
12.03	10.922400
12.04	14.476800
12.05	11.008800
12.06	14.563200
12.07	10.922400
12.08	14.476800
12.09	11.008800
12.10	13.344800
12.11	12.140800
12.12	14.476800
12.13	11.008800
12.14	14.476800
12.15	11.008800
12.16	14.563200
12.17	10.922400
12.18	13.344800
12.19	12.140800
12.20	10.922400
12.21	14.563200
12.22	10.922400
12.23	14.476800
12.24	11.008800
12.25	14.476800
12.26	11.008800
12.27	14.476800
12.28	11.008800
12.29	13.344800
12.30	12.140800
12.31	13.344800
12.32	12.140800
12.33	14.476800
12.34	11.008800
12.35	14.476800
12.36	11.008800
12.37	14.476800
12.38	11.008800
12.39	13.344800
12.40	12.140800
12.41	13.344800
12.42	12.140800
12.43	14.476800
12.44	11.008800
12.45	14.476800
12.46	11.008800
12.47	12.133600
12.48	13.352000
12.49	14.476800
12.50	11.008800
12.51	14.476800
12.52	11.008800
12.53	14.476800
12.54	11.008800
12.55	14.563200
12.56	10.922400
12.57	12.133600
12.58	13.352000
12.59	13.344800
12.60	12.140800
12.61	13.344800
12.62	12.140800
12.63	13.344800
12.64	12.140800
12.65	10.922400
12.66	14.563200
12.67	10.922400
12.68	14.476800
12.69	10.836000
12.70	14.736000
12.71	10.922400
12.72	14.563200
12.73	12.133600
12.74	13.352000
12.75	10.922400
12.76	14.563200
12.77	10.922400
12.78	14.563200
12.79	10.922400
12.80	14.563200
12.81	10.922400
12.82	14.563200
12.83	12.133600
12.84	13.352000
12.85	10.922400
12.86	14.563200
12.87	10.922400
12.88	14.563200
12.89	10.922400
12.90	14.563200
12.91	12.133600
12.92	13.352000
12.93	10.922400
12.94	14.563200
12.95	10.922400
12.96	14.563200
12.97	10.922400
12.98	14.563200
12.99	10.922400
13.00	14.563200
13.01	10.922400
13.02	12.133600
13.03	13.352000
13.04	13.344800
13.05	12.140800
13.06	13.344800
13.07	12.140800
13.08	14.476800
13.09	11.008800
13.10	10.836000
13.11	11.008800
13.12	14.476800
13.13	11.008800
13.14	14.563200
13.15	10.922400
13.16	14.563200
13.17	10.922400
13.18	14.563200
13.19	12.133600
13.20	13.352000
13.21	10.922400
13.22	14.563200
13.23	10.922400
13.24	14.476800
13.25	11.008800
13.26	14.476800
13.27	11.008800
13.28	14.476800
13.29	11.008800
13.30	10.922400
13.31	14.563200
13.32	10.922400
13.33	14.563200
13.34	10.922400
13.35	14.476800
13.36	11.008800
13.37	14.563200
13.38	13.344800
13.39	12.054400
13.40	11.008800
13.41	14.476800
13.42	11.008800
13.43	14.476800
13.44	11.008800
13.45	14.476800
13.46	11.008800
13.47	14.476800
13.48	11.008800
13.49	13.344800
13.50	12.054400
13.51	13.431200
13.52	12.054400
13.53	13.431200
13.54	12.140800
13.55	12.133600
13.56	13.352000
13.57	10.922400
13.58	14.563200
13.59	10.922400
13.60	14.563200
13.61	10.922400
13.62	14.563200
13.63	10.922400
13.64	14.563200
13.65	10.922400
13.66	14.563200
13.67	10.922400
13.68	14.476800
13.69	11.008800
13.70	14.563200
13.71	10.922400
13.72	14.563200
13.73	10.922400
13.74	14.563200
13.75	10.922400
13.76	14.476800
13.77	11.008800
13.78	14.476800
13.79	11.008800
13.80	14.563200
13.81	10.922400
13.82	14.476800
13.83	11.008800
13.84	14.476800
13.85	11.008800
13.86	10.922400
13.87	14.563200
13.88	10.922400
13.89	14.563200
13.90	13.344800
13.91	12.140800
13.92	14.476800
13.93	11.008800
13.94	10.836000
13.95	14.649600
13.96	10.922400
13.97	14.563200
13.98	10.922400
13.99	14.563200
14.00	13.344800
14.01	12.140800
14.02	13.344800
14.03	12.054400
14.04	11.008800
14.05	14.476800
14.06	11.008800
14.07	14.563200
14.08	10.922400
14.09	10.922400
14.10	10.922400
14.11	14.563200
14.12	10.922400
14.13	14.476800
14.14	11.008800
14.15	14.563200
14.16	10.922400
14.17	7.281600
14.18	10.922400
14.19	10.836000
14.20	11.008800
14.21	10.922400
14.22	14.563200
14.23	10.922400
14.24	13.344800
14.25	12.140800
14.26	14.476800
14.27	11.008800
14.28	14.476800
14.29	11.008800
14.30	14.563200
14.31	10.922400
14.32	13.344800
14.33	12.140800
14.34	13.344800
14.35	12.140800
14.36	14.476800
14.37	11.008800
14.38	14.563200
14.39	10.922400
14.40	14.563200
14.41	10.922400
14.42	13.344800
14.43	12.140800
14.44	14.476800
14.45	11.008800
14.46	14.476800
14.47	11.008800
14.48	14.476800
14.49	11.008800
14.50	10.922400
14.51	14.563200
14.52	10.922400
14.53	14.476800
14.54	11.008800
14.55	14.563200
14.56	10.922400
14.57	14.563200
14.58	10.922400
14.59	14.563200
14.60	10.922400
14.61	14.476800
14.62	10.922400
14.63	14.563200
14.64	11.008800
14.65	14.476800
14.66	11.008800
14.67	14.476800
14.68	11.008800
14.69	13.344800
14.70	12.140800
14.71	13.344800
14.72	12.140800
14.73	14.476800
14.74	11.008800
14.75	14.476800
14.76	11.008800
14.77	14.476800
14.78	11.008800
14.79	13.344800
14.80	12.140800
14.81	13.344800
14.82	12.140800
14.83	13.344800
14.84	12.140800
14.85	14.476800
14.86	10.836000
14.87	10.922400
14.88	14.649600
14.89	11.008800
14.90	14.563200
14.91	10.922400
14.92	14.563200
14.93	10.922400
14.94	14.563200
14.95	10.922400
14.96	14.563200
14.97	10.922400
14.98	14.563200
14.99	10.922400
15.00	14.563200
15.01	10.836000
15.02	11.008800
15.03	14.476800
15.04	11.008800
15.05	14.476800
15.06	11.008800
15.07	10.922400
15.08	14.563200
15.09	10.922400
15.10	14.563200
15.11	10.922400
15.12	14.563200
15.13	12.133600
15.14	13.352000
15.15	10.922400
15.16	14.563200
15.17	10.922400
15.18	14.563200
15.19	10.922400
15.20	14.563200
15.21	10.922400
15.22	14.563200
15.23	10.922400
15.24	13.344800
15.25	12.140800
15.26	14.476800
15.27	11.008800
15.28	13.344800
15.29	12.140800
15.30	14.476800
15.31	11.008800
15.32	14.476800
15.33	11.008800
15.34	10.922400
15.35	14.563200
15.36	10.922400
15.37	14.563200
15.38	10.922400
15.39	14.563200
15.40	10.922400
15.41	14.563200
15.42	10.922400
15.43	14.476800
15.44	11.008800
15.45	14.476800
15.46	11.008800
15.47	14.304000
15.48	11.181600
15.49	14.476800
15.50	11.008800
15.51	14.563200
15.52	10.922400
15.53	14.476800
15.54	11.008800
15.55	14.476800
15.56	3.727200
15.57	7.281600
15.58	7.281600
15.59	14.476800
15.60	11.008800
15.61	14.476800
15.62	11.008800
15.63	10.922400
15.64	14.563200
15.65	10.922400
15.66	14.563200
15.67	12.133600
15.68	13.352000
15.69	13.344800
15.70	12.140800
15.71	10.922400
15.72	14.476800
15.73	11.008800
15.74	14.563200
15.75	10.922400
15.76	14.476800
15.77	11.008800
15.78	14.563200
15.79	10.922400
15.80	14.563200
15.81	10.922400
15.82	14.476800
15.83	11.008800
15.84	14.476800
15.85	11.008800
15.86	14.476800
15.87	11.008800
15.88	14.476800
15.89	10.922400
15.90	13.431200
15.91	12.140800
15.92	13.344800
15.93	12.140800
15.94	14.476800
15.95	11.008800
15.96	14.476800
15.97	10.922400
15.98	14.563200
15.99	11.008800
16.00	13.344800
16.01	12.140800
16.02	13.344800
16.03	12.140800
16.04	14.476800
16.05	11.008800
16.06	13.344800
16.07	12.140800
16.08	10.922400
16.09	14.563200
16.10	10.922400
16.11	14.476800
16.12	11.008800
16.13	14.563200
16.14	10.922400
16.15	14.563200
16.16	10.922400
16.17	14.476800
16.18	11.008800
16.19	14.476800
16.20	11.008800
16.21	14.476800
16.22	11.008800
16.23	14.476800
16.24	11.008800
16.25	14.476800
16.26	11.008800
16.27	12.133600
16.28	13.352000
16.29	13.344800
16.30	12.140800
16.31	13.344800
16.32	12.140800
16.33	14.476800
16.34	11.008800
16.35	14.476800
16.36	11.008800
16.37	10.922400
16.38	14.563200
16.39	13.344800
16.40	12.140800
16.41	14.476800
16.42	11.008800
16.43	14.476800
16.44	11.008800
16.45	10.922400
16.46	14.563200
16.47	10.922400
16.48	14.476800
16.49	11.008800
16.50	14.476800
16.51	13.431200
16.52	12.140800
16.53	13.344800
16.54	12.054400
16.55	11.008800
16.56	14.476800
16.57	11.008800
16.58	14.563200
16.59	10.922400
16.60	14.563200
16.61	10.922400
16.62	14.563200
16.63	10.922400
16.64	14.476800
16.65	10.922400
16.66	14.563200
16.67	11.008800
16.68	14.563200
16.69	10.922400
16.70	14.563200
16.71	10.922400
16.72	14.476800
16.73	11.008800
16.74	14.563200
16.75	10.922400
16.76	14.563200
16.77	10.922400
16.78	14.563200
16.79	10.922400
16.80	14.563200
16.81	10.922400
16.82	13.344800
16.83	11.881600
16.84	13.604000
16.85	12.140800
16.86	14.476800
16.87	11.008800
16.88	14.476800
16.89	11.008800
16.90	14.476800
16.91	11.008800
16.92	10.922400
16.93	14.563200
16.94	12.133600
16.95	13.352000
16.96	10.922400
16.97	14.563200
16.98	13.344800
16.99	12.140800
17.00	10.922400
17.01	14.563200
17.02	10.922400
17.03	14.563200
17.04	10.922400
17.05	14.563200
17.06	10.922400
17.07	14.476800
17.08	11.008800
17.09	13.344800
17.10	12.140800
17.11	14.476800
17.12	11.008800
17.13	14.476800
17.14	11.008800
17.15	14.476800
17.16	11.008800
17.17	10.922400
17.18	14.476800
17.19	11.008800
17.20	14.476800
17.21	11.008800
17.22	14.476800
17.23	7.368000
17.24	10.922400
17.25	14.563200
17.26	10.922400
17.27	14.476800
17.28	11.008800
17.29	10.922400
17.30	14.563200
17.31	13.344800
17.32	12.054400
17.33	13.431200
17.34	12.140800
17.35	13.344800
17.36	12.140800
17.37	10.922400
17.38	14.476800
17.39	11.008800
17.40	14.476800
17.41	10.922400
17.42	14.563200
17.43	11.008800
17.44	14.563200
17.45	10.922400
17.46	14.476800
17.47	11.008800
17.48	14.476800
17.49	11.008800
17.50	14.476800
17.51	10.922400
17.52	14.563200
17.53	11.008800
17.54	14.476800
17.55	11.008800
17.56	14.476800
17.57	11.008800
17.58	14.390400
17.59	11.095200
17.60	14.563200
17.61	10.922400
17.62	14.563200
17.63	10.922400
17.64	14.563200
17.65	10.836000
17.66	13.431200
17.67	12.054400
17.68	13.431200
17.69	12.140800
17.70	14.476800
17.71	11.008800
17.72	14.476800
17.73	11.008800
17.74	10.922400
17.75	14.563200
17.76	10.922400
17.77	14.563200
17.78	10.922400
17.79	14.563200
17.80	10.922400
17.81	14.563200
17.82	10.922400
17.83	14.476800
17.84	11.008800
17.85	14.476800
17.86	11.008800
17.87	14.476800
17.88	11.008800
17.89	14.476800
17.90	11.008800
17.91	14.476800
17.92	11.008800
17.93	13.344800
17.94	12.140800
17.95	14.476800
17.96	11.008800
17.97	14.476800
17.98	11.008800
17.99	14.476800
18.00	11.008800
18.01	10.922400
18.02	14.390400
18.03	11.095200
18.04	14.476800
18.05	11.008800
18.06	14.476800
18.07	11.008800
18.08	14.563200
18.09	10.922400
18.10	14.563200
18.11	10.836000
18.12	11.008800
18.13	14.476800
18.14	11.008800
18.15	14.476800
18.16	11.008800
18.17	14.476800
18.18	11.008800
18.19	14.476800
18.20	11.008800
18.21	13.344800
18.22	12.140800
18.23	13.344800
18.24	12.054400
18.25	13.431200
18.26	12.140800
18.27	14.476800
18.28	11.008800
18.29	10.922400
18.30	14.563200
18.31	10.922400
18.32	14.563200
18.33	10.922400
18.34	14.563200
18.35	13.344800
18.36	12.140800
18.37	14.476800
18.38	11.008800
18.39	10.922400
18.40	14.563200
18.41	10.922400
18.42	14.476800
18.43	11.008800
18.44	14.563200
18.45	12.133600
18.46	13.352000
18.47	10.922400
18.48	14.476800
18.49	11.008800
18.50	14.476800
18.51	11.008800
18.52	14.476800
18.53	11.008800
18.54	14.476800
18.55	11.008800
18.56	14.476800
18.57	11.008800
18.58	14.476800
18.59	11.008800
18.60	14.476800
18.61	11.008800
18.62	14.476800
18.63	11.008800
18.64	14.476800
18.65	11.008800
18.66	10.922400
18.67	14.563200
18.68	12.133600
18.69	13.352000
18.70	13.344800
18.71	12.140800
18.72	13.344800
18.73	12.140800
18.74	14.476800
18.75	11.008800
18.76	10.922400
18.77	14.476800
18.78	11.008800
18.79	14.563200
18.80	10.922400
18.81	14.563200
18.82	10.922400
18.83	14.476800
18.84	10.663200
18.85	14.822400
18.86	11.008800
18.87	14.476800
18.88	11.008800
18.89	14.476800
18.90	11.008800
18.91	14.476800
18.92	11.008800
18.93	10.922400
18.94	14.563200
18.95	13.344800
18.96	12.140800
18.97	13.344800
18.98	12.140800
18.99	14.476800
19.00	11.008800
19.01	14.476800
19.02	11.008800
19.03	10.922400
19.04	14.476800
19.05	11.008800
19.06	14.476800
19.07	11.008800
19.08	14.563200
19.09	13.344800
19.10	12.140800
19.11	13.344800
19.12	12.140800
19.13	10.922400
19.14	10.922400
19.15	14.563200
19.16	10.922400
19.17	10.836000
19.18	11.008800
19.19	10.922400
19.20	10.922400
19.21	10.922400
19.22	14.476800
19.23	7.368000
19.24	14.476800
19.25	10.922400
19.26	11.008800
19.27	10.922400
19.28	10.922400
19.29	14.476800
19.30	11.008800
19.31	14.476800
19.32	7.368000
19.33	3.640800
19.34	10.922400
19.35	7.281600
19.36	7.281600
19.37	7.281600
19.38	7.281600
19.39	10.922400
19.40	7.195200
19.41	7.368000
19.42	7.281600
19.43	7.281600
19.44	10.922400
19.45	7.281600
19.46	7.281600
19.47	9.704000
19.48	7.281600
19.49	8.500000
19.50	7.281600
19.51	10.922400
19.52	7.281600
19.53	7.281600
19.54	7.281600
19.55	7.281600
19.56	10.922400
19.57	10.922400
19.58	7.281600
19.59	10.922400
19.60	7.281600
19.61	10.922400
19.62	10.836000
19.63	7.368000
19.64	10.922400
19.65	7.281600
19.66	10.922400
19.67	10.922400
19.68	7.281600
19.69	10.922400
19.70	9.704000
19.71	8.500000
19.72	10.836000
19.73	7.368000
19.74	10.922400
19.75	7.281600
19.76	10.922400
19.77	14.563200
19.78	10.922400
19.79	10.922400
19.80	14.563200
19.81	10.922400
19.82	14.476800
19.83	11.008800
19.84	10.922400
19.85	10.922400
19.86	14.563200
19.87	10.922400
19.88	14.476800
19.89	11.008800
19.90	10.922400
19.91	14.563200
19.92	10.922400
19.93	10.922400
19.94	14.563200
19.95	10.922400
19.96	14.476800
19.97	11.008800
19.98	14.476800
19.99	11.008800
20.00	14.476800
20.01	11.008800
20.02	10.922400
20.03	14.476800
20.04	11.008800
20.05	10.922400
20.06	14.563200
20.07	10.922400
20.08	14.563200
20.09	10.922400
20.10	14.476800
20.11	11.008800
20.12	10.922400
20.13	14.476800
20.14	11.008800
20.15	14.476800
20.16	11.008800
20.17	14.476800
20.18	3.727200
20.19	7.281600
20.20	3.554400
20.21	3.640800
20.22	3.727200
20.23	7.281600
20.24	7.281600
20.25	14.563200
20.26	10.922400
20.27	14.563200
20.28	10.922400
20.29	14.563200
20.30	10.922400
20.31	14.563200
20.32	10.922400
20.33	14.476800
20.34	11.008800
20.35	14.476800
20.36	11.008800
20.37	14.563200
20.38	10.922400
20.39	14.563200
20.40	10.922400
20.41	14.563200
20.42	10.922400
20.43	14.476800
20.44	10.922400
20.45	14.563200
20.46	11.008800
20.47	14.476800
20.48	11.008800
20.49	14.476800
20.50	11.008800
20.51	14.476800
20.52	11.008800
20.53	10.922400
20.54	14.563200
20.55	10.922400
20.56	14.563200
20.57	10.922400
20.58	14.563200
20.59	10.922400
20.60	14.563200
20.61	10.922400
20.62	14.563200
20.63	10.922400
20.64	14.476800
20.65	11.008800
20.66	14.476800
20.67	11.008800
20.68	14.563200
20.69	10.922400
20.70	14.476800
20.71	11.008800
20.72	14.476800
20.73	11.008800
20.74	14.476800
20.75	11.008800
20.76	14.563200
20.77	10.922400
20.78	14.476800
20.79	10.663200
20.80	11.268000
20.81	10.922400
20.82	14.563200
20.83	10.922400
20.84	14.563200
20.85	10.922400
20.86	14.476800
20.87	11.008800
20.88	14.476800
20.89	11.008800
20.90	14.476800
20.91	11.008800
20.92	14.476800
20.93	11.008800
20.94	10.836000
20.95	14.563200
20.96	11.008800
20.97	10.922400
20.98	10.922400
20.99	14.476800
21.00	11.008800
21.01	10.922400
21.02	14.476800
21.03	11.008800
21.04	10.922400
21.05	14.563200
21.06	10.922400
21.07	14.476800
21.08	10.922400
21.09	11.008800
21.10	10.922400
21.11	14.563200
21.12	10.922400
21.13	14.563200
21.14	10.922400
21.15	14.563200
21.16	10.922400
21.17	14.476800
21.18	11.008800
21.19	13.344800
21.20	12.054400
21.21	11.008800
21.22	14.563200
21.23	13.344800
21.24	12.140800
21.25	10.922400
21.26	14.476800
21.27	11.008800
21.28	14.476800
21.29	11.008800
21.30	14.476800
21.31	11.008800
21.32	14.476800
21.33	11.008800
21.34	14.563200
21.35	10.922400
21.36	13.344800
21.37	12.140800
21.38	13.344800
21.39	12.140800
21.40	10.922400
21.41	10.922400
21.42	14.563200
21.43	10.922400
21.44	14.563200
21.45	10.922400
21.46	14.390400
21.47	11.095200
21.48	14.476800
21.49	11.008800
21.50	14.563200
21.51	10.922400
21.52	14.563200
21.53	10.922400
21.54	14.476800
21.55	10.922400
21.56	14.563200
21.57	11.008800
21.58	14.563200
21.59	10.922400
21.60	14.563200
21.61	10.922400
21.62	14.476800
21.63	10.836000
21.64	13.517600
21.65	12.140800
21.66	13.344800
21.67	12.140800
21.68	13.344800
21.69	12.140800
21.70	13.344800
21.71	12.054400
21.72	11.008800
21.73	14.563200
21.74	10.922400
21.75	14.563200
21.76	10.922400
21.77	14.563200
21.78	10.922400
21.79	14.563200
21.80	10.922400
21.81	14.563200
21.82	10.922400
21.83	14.476800
21.84	11.008800
21.85	14.476800
21.86	11.008800
21.87	14.476800
21.88	11.008800
21.89	14.476800
21.90	10.922400
21.91	14.563200
21.92	11.008800
21.93	14.476800
21.94	11.008800
21.95	14.476800
21.96	11.008800
21.97	14.304000
21.98	11.095200
21.99	14.563200
22.00	7.368000
22.01	14.563200
22.02	10.922400
22.03	14.563200
22.04	10.836000
22.05	14.649600
22.06	10.922400
22.07	14.563200
22.08	10.922400
22.09	14.476800
22.10	11.008800
22.11	14.476800
22.12	11.008800
22.13	14.390400
22.14	11.095200
22.15	14.476800
22.16	11.008800
22.17	10.922400
22.18	14.563200
22.19	10.922400
22.20	13.344800
22.21	12.140800
22.22	10.922400
22.23	14.476800
22.24	11.008800
22.25	10.922400
22.26	14.476800
22.27	11.008800
22.28	10.922400
22.29	14.476800
22.30	11.008800
22.31	10.922400
22.32	14.476800
22.33	11.008800
22.34	13.344800
22.35	12.140800
22.36	10.922400
22.37	14.476800
22.38	10.749600
22.39	11.181600
22.40	14.476800
22.41	11.008800
22.42	10.922400
22.43	14.563200
22.44	10.922400
22.45	14.476800
22.46	11.008800
22.47	10.922400
22.48	13.344800
22.49	12.140800
22.50	10.922400
22.51	14.476800
22.52	11.008800
22.53	10.922400
22.54	14.563200
22.55	10.922400
22.56	14.476800
22.57	10.922400
22.58	11.008800
22.59	14.476800
22.60	7.368000
22.61	14.563200
22.62	10.922400
22.63	14.476800
22.64	11.008800
22.65	14.476800
22.66	11.008800
22.67	14.476800
22.68	11.008800
22.69	14.476800
22.70	11.008800
22.71	14.476800
22.72	11.008800
22.73	14.390400
22.74	11.095200
22.75	10.922400
22.76	14.563200
22.77	10.922400
22.78	14.563200
22.79	13.344800
22.80	12.140800
22.81	13.344800
22.82	12.140800
22.83	10.922400
22.84	14.563200
22.85	10.922400
22.86	14.476800
22.87	11.008800
22.88	14.476800
22.89	11.008800
22.90	14.476800
22.91	10.922400
22.92	14.563200
22.93	11.008800
22.94	13.344800
22.95	12.140800
22.96	14.476800
22.97	11.008800
22.98	14.476800
22.99	11.008800
23.00	14.476800
23.01	11.008800
23.02	14.476800
23.03	10.922400
23.04	11.008800
23.05	14.476800
23.06	11.008800
23.07	14.563200
23.08	10.922400
23.09	14.563200
23.10	10.922400
23.11	14.563200
23.12	10.922400
23.13	10.922400
23.14	14.563200
23.15	10.922400
23.16	10.922400
23.17	14.563200
23.18	10.922400
23.19	14.563200
23.20	8.492800
23.21	13.352000
23.22	10.836000
23.23	10.922400
23.24	11.008800
23.25	14.563200
23.26	10.922400
23.27	14.476800
23.28	11.008800
23.29	10.922400
23.30	14.476800
23.31	11.008800
23.32	10.922400
23.33	14.476800
23.34	11.008800
23.35	10.922400
23.36	14.476800
23.37	11.008800
23.38	10.922400
23.39	14.563200
23.40	10.922400
23.41	12.133600
23.42	13.265600
23.43	11.008800
23.44	14.476800
23.45	11.008800
23.46	10.922400
23.47	14.476800
23.48	11.008800
23.49	14.476800
23.50	11.008800
23.51	10.922400
23.52	14.476800
23.53	11.008800
23.54	14.563200
23.55	10.922400
23.56	14.476800
23.57	11.008800
23.58	14.563200
23.59	10.922400
23.60	10.922400
23.61	14.563200
23.62	10.922400
23.63	14.476800
23.64	11.008800
23.65	14.476800
23.66	11.008800
23.67	10.922400
23.68	14.476800
23.69	11.008800
23.70	10.922400
23.71	14.476800
23.72	11.008800
23.73	10.922400
23.74	14.563200
23.75	10.922400
23.76	14.563200
23.77	10.922400
23.78	14.476800
23.79	11.008800
23.80	10.922400
23.81	10.922400
23.82	14.476800
23.83	11.008800
23.84	14.563200
23.85	10.922400
23.86	14.563200
23.87	7.281600
23.88	3.640800
23.89	7.281600
23.90	3.640800
23.91	3.640800
23.92	3.640800
23.93	10.922400
23.94	10.922400
23.95	14.563200
23.96	10.922400
23.97	14.476800
23.98	11.008800
23.99	14.476800
24.00	11.008800
24.01	10.922400
24.02	14.563200
24.03	10.922400
24.04	14.563200
24.05	10.922400
24.06	14.563200
24.07	13.344800
24.08	12.140800
24.09	13.344800
24.10	12.140800
24.11	10.922400
24.12	14.563200
24.13	10.922400
24.14	14.563200
24.15	10.922400
24.16	14.390400
24.17	11.095200
24.18	14.563200
24.19	10.922400
24.20	14.476800
24.21	11.008800
24.22	14.476800
24.23	11.008800
24.24	14.476800
24.25	11.008800
24.26	14.563200
24.27	10.922400
24.28	14.563200
24.29	10.922400
24.30	12.133600
24.31	13.352000
24.32	14.476800
24.33	11.008800
24.34	14.476800
24.35	10.749600
24.36	14.736000
24.37	11.008800
24.38	13.344800
24.39	12.140800
24.40	13.344800
24.41	12.140800
24.42	14.476800
24.43	10.922400
24.44	14.476800
24.45	11.095200
24.46	14.476800
24.47	11.008800
24.48	10.922400
24.49	10.922400
24.50	14.476800
24.51	11.008800
24.52	14.476800
24.53	11.008800
24.54	14.476800
24.55	11.008800
24.56	13.344800
24.57	12.140800
24.58	13.344800
24.59	12.140800
24.60	14.476800
24.61	11.008800
24.62	14.476800
24.63	11.008800
24.64	14.476800
24.65	11.008800
24.66	10.922400
24.67	14.563200
24.68	10.922400
24.69	14.563200
24.70	13.344800
24.71	12.140800
24.72	14.476800
24.73	11.008800
24.74	14.476800
24.75	10.836000
24.76	11.095200
24.77	14.563200
24.78	10.922400
24.79	14.563200
24.80	10.922400
24.81	14.563200
24.82	10.922400
24.83	14.563200
24.84	10.922400
24.85	14.476800
24.86	11.008800
24.87	14.476800
24.88	11.008800
24.89	14.476800
24.90	11.008800
24.91	14.476800
24.92	11.008800
24.93	13.344800
24.94	12.140800
24.95	14.476800
24.96	11.008800
24.97	14.476800
24.98	11.008800
24.99	14.476800
25.00	11.008800
25.01	14.304000
25.02	11.095200
25.03	10.922400
25.04	11.008800
25.05	14.476800
25.06	11.008800
25.07	14.563200
25.08	10.922400
25.09	10.922400
25.10	14.476800
25.11	11.008800
25.12	10.922400
25.13	14.563200
25.14	10.922400
25.15	14.563200
25.16	10.922400
25.17	14.563200
25.18	13.344800
25.19	12.140800
25.20	13.344800
25.21	12.140800
25.22	10.922400
25.23	7.281600
25.24	10.922400
25.25	14.476800
25.26	11.008800
25.27	14.476800
25.28	11.008800
25.29	14.476800
25.30	11.008800
25.31	14.476800
25.32	11.008800
25.33	14.476800
25.34	11.008800
25.35	14.563200
25.36	10.922400
25.37	14.563200
25.38	10.922400
25.39	14.563200
25.40	10.922400
25.41	13.344800
25.42	12.054400
25.43	14.563200
25.44	11.008800
25.45	14.476800
25.46	11.008800
25.47	14.476800
25.48	11.008800
25.49	10.922400
25.50	14.563200
25.51	10.922400
25.52	14.563200
25.53	13.344800
25.54	12.140800
25.55	13.344800
25.56	12.140800
25.57	14.476800
25.58	11.008800
25.59	10.922400
25.60	14.476800
25.61	11.008800
25.62	14.476800
25.63	11.008800
25.64	14.563200
25.65	10.922400
25.66	14.563200
25.67	10.922400
25.68	14.476800
25.69	10.922400
25.70	11.008800
25.71	10.922400
25.72	14.563200
25.73	10.922400
25.74	14.563200
25.75	10.922400
25.76	14.563200
25.77	10.922400
25.78	14.476800
25.79	11.008800
25.80	14.563200
25.81	10.922400
25.82	14.476800
25.83	11.008800
25.84	14.476800
25.85	11.008800
25.86	13.258400
25.87	12.227200
25.88	13.344800
25.89	12.140800
25.90	14.476800
25.91	11.008800
25.92	14.476800
25.93	11.008800
25.94	14.476800
25.95	11.008800
25.96	10.922400
25.97	14.563200
25.98	10.922400
25.99	14.563200
26.00	10.922400
26.01	14.563200
26.02	10.836000
26.03	14.649600
26.04	10.922400
26.05	14.476800
26.06	11.008800
26.07	14.476800
26.08	11.008800
26.09	14.476800
26.10	11.008800
26.11	14.476800
26.12	11.008800
26.13	14.476800
26.14	11.008800
26.15	10.922400
26.16	14.563200
26.17	10.922400
26.18	14.563200
26.19	13.344800
26.20	12.140800
26.21	13.344800
26.22	12.140800
26.23	10.922400
26.24	14.563200
26.25	10.922400
26.26	14.563200
26.27	10.922400
26.28	14.563200
26.29	10.922400
26.30	10.922400
26.31	14.563200
26.32	10.922400
26.33	12.133600
26.34	13.352000
26.35	13.344800
26.36	12.140800
26.37	13.344800
26.38	12.140800
26.39	14.476800
26.40	11.008800
26.41	10.922400
26.42	14.563200
26.43	10.922400
26.44	14.563200
26.45	10.922400
26.46	14.563200
26.47	10.922400
26.48	14.563200
26.49	10.922400
26.50	14.563200
26.51	10.922400
26.52	14.476800
26.53	11.008800
26.54	14.476800
26.55	11.008800
26.56	14.563200
26.57	10.922400
26.58	14.476800
26.59	11.008800
26.60	13.344800
26.61	12.140800
26.62	14.476800
26.63	11.008800
26.64	14.476800
26.65	11.008800
26.66	14.476800
26.67	11.008800
26.68	14.476800
26.69	10.922400
26.70	11.008800
26.71	14.563200
26.72	14.476800
26.73	11.008800
26.74	14.476800
26.75	11.008800
26.76	14.476800
26.77	11.008800
26.78	10.922400
26.79	14.563200
26.80	10.922400
26.81	14.476800
26.82	11.008800
26.83	10.836000
26.84	0.000000
26.85	0.000000
26.86	0.000000
26.87	0.000000
26.88	0.000000
26.89	0.000000
26.90	0.000000
26.91	0.000000
26.92	0.000000
26.93	0.000000
26.94	0.000000
26.95	0.000000
26.96	0.000000
26.97	0.000000
26.98	0.000000
26.99	0.000000
27.00	0.000000
27.01	0.000000
27.02	0.000000
27.03	0.000000
27.04	0.000000
27.05	0.000000
27.06	0.000000
27.07	0.000000
27.08	0.000000
27.09	0.000000
27.10	0.000000
27.11	0.000000
27.12	0.000000
27.13	0.000000
27.14	3.640800
27.15	13.344800
27.16	12.140800
27.17	10.922400
27.18	14.476800
27.19	11.008800
27.20	14.476800
27.21	11.008800
27.22	14.476800
27.23	10.836000
27.24	13.517600
27.25	12.140800
27.26	14.476800
27.27	11.008800
27.28	14.476800
27.29	11.008800
27.30	14.476800
27.31	11.008800
27.32	14.476800
27.33	11.008800
27.34	10.922400
27.35	14.563200
27.36	10.922400
27.37	14.563200
27.38	10.922400
27.39	14.563200
27.40	10.922400
27.41	14.563200
27.42	10.922400
27.43	14.476800
27.44	11.008800
27.45	14.563200
27.46	10.922400
27.47	14.563200
27.48	10.922400
27.49	10.922400
27.50	14.476800
27.51	11.008800
27.52	10.922400
27.53	14.476800
27.54	11.008800
27.55	14.476800
27.56	11.008800
27.57	14.563200
27.58	10.922400
27.59	14.563200
27.60	10.922400
27.61	14.476800
27.62	11.008800
27.63	14.476800
27.64	11.008800
27.65	14.476800
27.66	11.008800
27.67	14.476800
27.68	11.008800
27.69	14.390400
27.70	10.922400
27.71	11.095200
27.72	14.563200
27.73	13.344800
27.74	12.140800
27.75	14.476800
27.76	11.008800
27.77	13.344800
27.78	12.140800
27.79	14.476800
27.80	10.922400
27.81	11.008800
27.82	14.563200
27.83	10.922400
27.84	14.563200
27.85	13.344800
27.86	12.054400
27.87	14.563200
27.88	11.008800
27.89	10.922400
27.90	14.563200
27.91	10.922400
27.92	14.563200
27.93	13.344800
27.94	12.140800
27.95	13.344800
27.96	12.140800
27.97	13.344800
27.98	12.140800
27.99	10.922400
28.00	14.563200
28.01	10.922400
28.02	14.563200
28.03	10.922400
28.04	14.476800
28.05	10.922400
28.06	14.563200
28.07	11.008800
28.08	10.922400
28.09	14.476800
28.10	11.008800
28.11	10.922400
28.12	14.563200
28.13	10.922400
28.14	10.922400
28.15	14.563200
28.16	13.344800
28.17	12.140800
28.18	10.922400
28.19	14.563200
28.20	10.922400
28.21	14.476800
28.22	11.008800
28.23	14.476800
28.24	11.008800
28.25	14.563200
28.26	10.922400
28.27	14.476800
28.28	11.008800
28.29	14.476800
28.30	11.008800
28.31	14.476800
28.32	11.008800
28.33	14.563200
28.34	10.922400
28.35	13.344800
28.36	12.140800
28.37	13.344800
28.38	12.140800
28.39	14.390400
28.40	11.008800
28.41	14.563200
28.42	11.008800
28.43	14.476800
28.44	11.008800
28.45	10.922400
28.46	14.563200
28.47	10.922400
28.48	14.563200
28.49	10.922400
28.50	14.563200
28.51	13.344800
28.52	12.140800
28.53	10.922400
28.54	14.563200
28.55	10.922400
28.56	14.563200
28.57	10.922400
28.58	14.563200
28.59	10.922400
28.60	14.563200
28.61	10.922400
28.62	14.563200
28.63	10.922400
28.64	14.476800
28.65	11.008800
28.66	14.563200
28.67	10.922400
28.68	14.563200
28.69	10.922400
28.70	10.922400
28.71	14.476800
28.72	10.922400
28.73	11.008800
28.74	14.304000
28.75	11.181600
28.76	14.304000
28.77	11.095200
28.78	14.649600
28.79	10.922400
28.80	14.563200
28.81	10.922400
28.82	14.476800
28.83	11.008800
28.84	14.476800
28.85	11.008800
28.86	14.476800
28.87	11.008800
28.88	14.476800
28.89	11.008800
28.90	13.344800
28.91	12.140800
28.92	13.344800
28.93	12.140800
28.94	13.344800
28.95	12.140800
28.96	14.476800
28.97	11.008800
28.98	14.390400
28.99	11.095200
29.00	10.922400
29.01	14.563200
29.02	10.922400
29.03	14.563200
29.04	10.922400
29.05	14.563200
29.06	10.922400
29.07	14.476800
29.08	11.008800
29.09	14.476800
29.10	11.008800
29.11	14.476800
29.12	11.008800
29.13	14.476800
29.14	11.008800
29.15	14.476800
29.16	11.008800
29.17	14.476800
29.18	11.008800
29.19	14.476800
29.20	11.008800
29.21	14.476800
29.22	11.008800
29.23	14.476800
29.24	11.008800
29.25	14.476800
29.26	11.008800
29.27	10.922400
29.28	14.476800
29.29	11.008800
29.30	10.922400
29.31	14.390400
29.32	11.095200
29.33	14.476800
29.34	11.008800
29.35	14.476800
29.36	11.008800
29.37	13.344800
29.38	12.140800
29.39	10.922400
29.40	14.476800
29.41	13.431200
29.42	12.140800
29.43	13.344800
29.44	12.140800
29.45	14.476800
29.46	11.008800
29.47	10.922400
29.48	14.563200
29.49	10.922400
29.50	14.563200
29.51	10.922400
29.52	14.563200
29.53	13.344800
29.54	12.140800
29.55	10.922400
29.56	14.476800
29.57	11.008800
29.58	14.476800
29.59	11.008800
29.60	14.476800
29.61	11.008800
29.62	14.563200
29.63	10.922400
29.64	13.344800
29.65	12.140800
29.66	14.476800
29.67	11.008800
29.68	14.563200
29.69	10.922400
29.70	14.476800
29.71	11.008800
29.72	14.476800
29.73	11.008800
29.74	13.344800
29.75	12.140800
29.76	12.133600
29.77	13.352000
29.78	14.476800
29.79	11.008800
29.80	14.476800
29.81	11.008800
29.82	10.922400
29.83	14.563200
29.84	10.922400
29.85	14.563200
29.86	13.344800
29.87	12.140800
29.88	13.344800
29.89	12.140800
29.90	10.922400
29.91	10.922400
29.92	13.344800
29.93	12.140800
29.94	13.344800
29.95	12.140800
29.96	14.476800
29.97	11.008800
29.98	14.476800
29.99	11.008800
30.00	14.476800
30.01	11.008800
30.02	10.922400
30.03	14.563200
30.04	10.922400
30.05	14.563200
30.06	10.922400
30.07	14.476800
30.08	11.008800
30.09	14.563200
30.10	10.922400
30.11	14.476800
30.12	11.008800
30.13	14.476800
30.14	11.008800
30.15	14.476800
30.16	11.008800
30.17	14.390400
30.18	11.095200
30.19	13.344800
30.20	12.140800
30.21	14.476800
30.22	11.008800
30.23	14.476800
30.24	11.008800
30.25	14.476800
30.26	11.008800
30.27	14.476800
30.28	11.008800
30.29	10.922400
30.30	14.563200
30.31	13.344800
30.32	12.140800
30.33	14.476800
30.34	10.922400
30.35	14.476800
30.36	11.095200
30.37	14.476800
30.38	11.008800
30.39	10.922400
30.40	14.563200
30.41	13.344800
30.42	12.140800
30.43	13.344800
30.44	12.140800
30.45	12.133600
30.46	13.352000
30.47	10.922400
30.48	14.563200
30.49	10.922400
30.50	10.922400
30.51	14.476800
30.52	11.008800
30.53	14.476800
30.54	11.008800
30.55	14.476800
30.56	11.008800
30.57	10.922400
30.58	10.922400
30.59	7.281600
30.60	3.640800
30.61	10.922400
30.62	14.563200
30.63	10.922400
30.64	14.563200
30.65	10.922400
30.66	14.563200
30.67	10.922400
30.68	14.563200
30.69	10.922400
30.70	14.476800
30.71	11.008800
30.72	14.476800
30.73	11.008800
30.74	14.476800
30.75	11.008800
30.76	14.476800
30.77	11.008800
30.78	14.476800
30.79	11.008800
30.80	14.476800
30.81	11.008800
30.82	14.476800
30.83	11.008800
30.84	14.476800
30.85	10.922400
30.86	11.008800
30.87	14.563200
30.88	10.922400
30.89	14.563200
30.90	10.922400
30.91	14.563200
30.92	10.922400
30.93	14.563200
30.94	7.281600
30.95	10.922400
30.96	14.476800
30.97	11.008800
30.98	14.476800
30.99	11.008800
31.00	14.476800
31.01	11.008800
31.02	14.476800
31.03	11.008800
31.04	14.476800
31.05	11.008800
31.06	13.344800
31.07	12.140800
31.08	14.476800
31.09	11.008800
31.10	10.922400
31.11	10.922400
31.12	14.563200
31.13	10.922400
31.14	14.476800
31.15	11.008800
31.16	14.476800
31.17	11.008800
31.18	14.476800
31.19	11.008800
31.20	14.476800
31.21	11.008800
31.22	14.563200
31.23	10.922400
31.24	14.476800
31.25	10.836000
31.26	14.649600
31.27	10.836000
31.28	14.649600
31.29	11.008800
31.30	14.476800
31.31	11.008800
31.32	10.922400
31.33	14.563200
31.34	10.922400
31.35	14.476800
31.36	11.008800
31.37	14.563200
31.38	13.344800
31.39	12.140800
31.40	13.344800
31.41	12.054400
31.42	11.008800
31.43	14.563200
31.44	10.922400
31.45	14.563200
31.46	0.000000
31.47	0.000000
31.48	0.000000
31.49	0.000000
31.50	0.000000
31.51	0.000000
31.52	0.000000
31.53	0.000000
31.54	0.000000
31.55	0.000000
31.56	0.000000
31.57	0.000000
31.58	0.000000
31.59	0.000000
31.60	0.000000
31.61	0.000000
31.62	0.000000
31.63	0.000000
31.64	0.000000
31.65	0.000000
31.66	0.000000
31.67	0.000000
31.68	0.000000
31.69	0.000000
31.70	0.000000
31.71	0.000000
31.72	1.036800
31.73	7.281600
31.74	14.563200
31.75	10.922400
31.76	14.476800
31.77	11.008800
31.78	14.476800
31.79	11.008800
31.80	14.476800
31.81	11.008800
31.82	14.476800
31.83	10.922400
31.84	0.000000
31.85	0.000000
31.86	0.000000
31.87	0.000000
31.88	10.836000
31.89	11.008800
31.90	14.476800
31.91	11.008800
31.92	14.476800
31.93	11.008800
31.94	14.476800
31.95	10.922400
31.96	11.008800
31.97	14.563200
31.98	13.344800
31.99	12.140800
32.00	13.344800
32.01	12.140800
32.02	13.344800
32.03	12.140800
32.04	14.476800
32.05	11.008800
32.06	10.922400
32.07	14.563200
32.08	10.922400
32.09	14.476800
32.10	11.008800
32.11	14.476800
32.12	11.008800
32.13	14.563200
32.14	10.922400
32.15	14.563200
32.16	10.922400
32.17	10.922400
32.18	14.390400
32.19	11.095200
32.20	14.563200
32.21	10.922400
32.22	14.563200
32.23	10.922400
32.24	14.476800
32.25	11.008800
32.26	14.476800
32.27	11.008800
32.28	14.563200
32.29	10.922400
32.30	10.922400
32.31	14.476800
32.32	11.008800
32.33	10.922400
32.34	14.563200
32.35	10.922400
32.36	14.476800
32.37	11.008800
32.38	14.476800
32.39	11.008800
32.40	14.563200
32.41	10.922400
32.42	14.476800
32.43	11.008800
32.44	14.476800
32.45	11.008800
32.46	14.563200
32.47	10.922400
32.48	14.563200
32.49	10.922400
32.50	14.563200
32.51	10.922400
32.52	14.476800
32.53	11.008800
32.54	14.476800
32.55	11.008800
32.56	14.563200
32.57	10.922400
32.58	14.563200
32.59	10.922400
32.60	13.344800
32.61	12.140800
32.62	14.476800
32.63	11.008800
32.64	14.476800
32.65	11.008800
32.66	14.476800
32.67	11.008800
32.68	14.476800
32.69	10.922400
32.70	11.008800
32.71	14.563200
32.72	10.922400
32.73	14.563200
32.74	13.344800
32.75	12.140800
32.76	14.476800
32.77	11.008800
32.78	10.922400
32.79	14.217600
32.80	11.268000
32.81	14.476800
32.82	11.008800
32.83	14.563200
32.84	10.922400
32.85	14.476800
32.86	11.008800
32.87	14.476800
32.88	11.008800
32.89	14.476800
32.90	10.922400
32.91	11.008800
32.92	14.476800
32.93	11.008800
32.94	14.476800
32.95	11.008800
32.96	14.563200
32.97	10.922400
32.98	10.922400
32.99	14.563200
33.00	13.344800
33.01	12.140800
33.02	12.134400
33.03	13.355200
33.04	13.347200
33.05	12.144000
33.06	10.924800
33.07	14.566400
33.08	10.924800
33.09	14.566400
33.10	10.924800
33.11	14.480800
33.12	11.014400
33.13	14.482400
33.14	11.014400
33.15	10.927200
33.16	14.482400
33.17	11.014400
33.18	14.482400
33.19	11.014400
33.20	14.482400
33.21	11.014400
33.22	14.482400
33.23	3.729600
33.24	14.569600
33.25	10.927200
33.26	13.349600
33.27	12.147200
33.28	14.482400
33.29	11.014400
33.30	14.482400
33.31	11.014400
33.32	14.482400
33.33	11.014400
33.34	10.927200
33.35	14.569600
33.36	13.349600
33.37	12.147200
33.38	13.349600
33.39	12.147200
33.40	14.482400
33.41	11.014400
33.42	14.482400
33.43	11.014400
33.44	10.927200
33.45	14.482400
33.46	11.014400
33.47	14.569600
33.48	10.927200
33.49	14.569600
33.50	10.927200
33.51	10.927200
33.52	14.482400
33.53	11.014400
33.54	10.927200
33.55	14.569600
33.56	10.927200
33.57	14.569600
33.58	12.138400
33.59	13.358400
33.60	12.138400
33.61	13.358400
33.62	10.927200
33.63	14.482400
33.64	11.014400
33.65	14.569600
33.66	10.927200
33.67	14.569600
33.68	10.927200
33.69	14.569600
33.70	10.927200
33.71	14.482400
33.72	11.014400
33.73	14.482400
33.74	11.014400
33.75	14.482400
33.76	11.014400
33.77	14.482400
33.78	11.014400
33.79	14.482400
33.80	11.014400
33.81	14.482400
33.82	11.014400
33.83	14.482400
33.84	11.014400
33.85	14.482400
33.86	11.014400
33.87	14.482400
33.88	11.014400
33.89	14.569600
33.90	10.927200
33.91	10.927200
33.92	14.569600
33.93	13.349600
33.94	12.147200
33.95	13.349600
33.96	12.147200
33.97	14.482400
33.98	11.014400
33.99	10.927200
34.00	14.569600
34.01	10.927200
34.02	14.569600
34.03	10.927200
34.04	14.569600
34.05	10.927200
34.06	14.569600
34.07	10.927200
34.08	13.349600
34.09	12.147200
34.10	10.927200
34.11	10.927200
34.12	14.569600
34.13	10.927200
34.14	14.569600
34.15	13.349600
34.16	12.147200
34.17	10.927200
34.18	14.569600
34.19	10.927200
34.20	14.569600
34.21	10.927200
34.22	14.569600
34.23	10.927200
34.24	14.569600
34.25	10.927200
34.26	14.569600
34.27	10.927200
34.28	13.349600
34.29	12.147200
34.30	14.482400
34.31	11.014400
34.32	14.482400
34.33	11.014400
34.34	14.482400
34.35	11.014400
34.36	10.927200
34.37	14.569600
34.38	10.927200
34.39	14.569600
34.40	10.927200
34.41	14.482400
34.42	11.014400
34.43	14.569600
34.44	13.349600
34.45	12.060000
34.46	10.927200
34.47	14.482400
34.48	11.101600
34.49	14.569600
34.50	10.927200
34.51	14.482400
34.52	11.014400
34.53	14.569600
34.54	10.927200
34.55	14.482400
34.56	11.014400
34.57	14.569600
34.58	10.927200
34.59	14.482400
34.60	11.014400
34.61	14.569600
34.62	10.927200
34.63	14.482400
34.64	11.014400
34.65	14.482400
34.66	11.014400
34.67	14.482400
34.68	11.014400
34.69	14.482400
34.70	11.014400
34.71	10.927200
34.72	10.927200
34.73	14.482400
34.74	11.014400
34.75	14.482400
34.76	11.014400
34.77	14.482400
34.78	11.014400
34.79	14.482400
34.80	11.014400
34.81	14.395200
34.82	11.101600
34.83	10.927200
34.84	14.569600
34.85	12.138400
34.86	13.358400
34.87	13.349600
34.88	12.147200
34.89	13.349600
34.90	12.147200
34.91	10.927200
34.92	14.569600
34.93	10.927200
34.94	14.569600
34.95	10.927200
34.96	14.482400
34.97	11.014400
34.98	14.482400
34.99	13.436800
35.00	12.060000
35.01	11.014400
35.02	14.482400
35.03	11.014400
35.04	14.482400
35.05	9.794400
35.06	12.060000
35.07	13.436800
35.08	12.147200
35.09	14.482400
35.10	10.927200
35.11	11.014400
35.12	14.569600
35.13	10.927200
35.14	14.569600
35.15	10.927200
35.16	14.569600
35.17	10.927200
35.18	14.482400
35.19	11.014400
35.20	14.482400
35.21	11.014400
35.22	14.482400
35.23	11.014400
35.24	14.482400
35.25	11.014400
35.26	14.482400
35.27	11.014400
35.28	13.349600
35.29	12.147200
35.30	13.349600
35.31	12.147200
35.32	14.482400
35.33	11.014400
35.34	14.482400
35.35	11.014400
35.36	14.482400
35.37	11.014400
35.38	12.138400
35.39	13.271200
35.40	13.436800
35.41	12.147200
35.42	12.138400
35.43	13.358400
35.44	14.482400
35.45	11.014400
35.46	10.927200
35.47	14.482400
35.48	11.014400
35.49	14.482400
35.50	11.014400
35.51	14.569600
35.52	10.927200
35.53	14.569600
35.54	10.927200
35.55	14.569600
35.56	10.927200
35.57	13.349600
35.58	12.147200
35.59	13.349600
35.60	12.147200
35.61	13.349600
35.62	12.147200
35.63	14.482400
35.64	11.014400
35.65	10.927200
35.66	14.569600
35.67	10.927200
35.68	14.569600
35.69	13.349600
35.70	12.147200
35.71	14.482400
35.72	11.014400
35.73	14.482400
35.74	11.014400
35.75	13.349600
35.76	12.147200
35.77	13.349600
35.78	12.147200
35.79	13.349600
35.80	12.147200
35.81	14.482400
35.82	10.927200
35.83	11.014400
35.84	14.482400
35.85	11.014400
35.86	14.569600
35.87	10.927200
35.88	14.569600
35.89	10.927200
35.90	14.569600
35.91	12.138400
35.92	13.271200
35.93	11.014400
35.94	14.569600
35.95	10.927200
35.96	14.569600
35.97	10.927200
35.98	14.569600
35.99	10.927200
36.00	14.569600
36.01	10.927200
36.02	13.349600
36.03	12.147200
36.04	14.482400
36.05	11.014400
36.06	14.482400
36.07	11.014400
36.08	14.482400
36.09	11.014400
36.10	14.482400
36.11	11.014400
36.12	10.927200
36.13	14.569600
36.14	10.927200
36.15	14.569600
36.16	13.349600
36.17	12.147200
36.18	14.482400
36.19	11.014400
36.20	10.927200
36.21	14.569600
36.22	10.927200
36.23	14.482400
36.24	11.014400
36.25	14.482400
36.26	11.014400
36.27	14.482400
36.28	11.014400
36.29	14.482400
36.30	11.014400
36.31	14.482400
36.32	11.014400
36.33	14.395200
36.34	11.101600
36.35	14.482400
36.36	11.014400
36.37	14.482400
36.38	11.014400
36.39	10.927200
36.40	14.569600
36.41	13.349600
36.42	12.147200
36.43	14.482400
36.44	11.014400
36.45	13.349600
36.46	12.147200
36.47	10.927200
36.48	14.569600
36.49	10.927200
36.50	14.569600
36.51	10.927200
36.52	14.569600
36.53	12.138400
36.54	13.358400
36.55	13.349600
36.56	12.147200
36.57	10.927200
36.58	14.482400
36.59	11.014400
36.60	14.569600
36.61	10.927200
36.62	14.569600
36.63	10.927200
36.64	14.569600
36.65	10.927200
36.66	13.349600
36.67	12.060000
36.68	13.436800
36.69	12.147200
36.70	14.482400
36.71	11.014400
36.72	14.482400
36.73	11.014400
36.74	14.482400
36.75	10.927200
36.76	11.014400
36.77	14.569600
36.78	10.927200
36.79	14.395200
36.80	11.101600
36.81	14.569600
36.82	10.927200
36.83	10.840000
36.84	0.000000
36.85	0.000000
36.86	0.000000
36.87	0.000000
36.88	0.000000
36.89	0.000000
36.90	0.000000
36.91	0.000000
36.92	0.000000
36.93	0.000000
36.94	0.000000
36.95	0.000000
36.96	0.000000
36.97	0.000000
36.98	0.000000
36.99	0.000000
37.00	0.000000
37.01	0.000000
37.02	0.000000
37.03	0.000000
37.04	0.000000
37.05	0.000000
37.06	0.000000
37.07	0.000000
37.08	0.000000
37.09	0.000000
37.10	0.000000
37.11	0.000000
37.12	0.000000
37.13	0.000000
37.14	0.000000
37.15	0.000000
37.16	0.000000
37.17	0.000000
37.18	0.000000
37.19	0.000000
37.20	6.064800
37.21	12.147200
37.22	10.927200
37.23	14.569600
37.24	10.927200
37.25	14.482400
37.26	11.014400
37.27	14.569600
37.28	10.927200
37.29	14.569600
37.30	10.927200
37.31	14.482400
37.32	11.014400
37.33	14.482400
37.34	11.014400
37.35	14.482400
37.36	11.014400
37.37	14.569600
37.38	10.927200
37.39	13.349600
37.40	12.147200
37.41	13.349600
37.42	12.147200
37.43	13.349600
37.44	12.147200
37.45	13.349600
37.46	12.147200
37.47	13.349600
37.48	12.147200
37.49	10.927200
37.50	14.569600
37.51	10.927200
37.52	14.569600
37.53	10.927200
37.54	14.569600
37.55	10.927200
37.56	14.569600
37.57	10.927200
37.58	14.482400
37.59	11.014400
37.60	14.482400
37.61	11.014400
37.62	14.482400
37.63	11.014400
37.64	14.569600
37.65	10.927200
37.66	14.569600
37.67	10.927200
37.68	13.349600
37.69	12.147200
37.70	13.349600
37.71	12.147200
37.72	13.349600
37.73	12.147200
37.74	14.482400
37.75	11.014400
37.76	10.927200
37.77	14.569600
37.78	10.927200
37.79	14.569600
37.80	10.927200
37.81	14.569600
37.82	10.927200
37.83	14.569600
37.84	10.927200
37.85	14.482400
37.86	11.014400
37.87	14.482400
37.88	11.014400
37.89	14.482400
37.90	11.014400
37.91	14.482400
37.92	11.014400
37.93	14.482400
37.94	11.014400
37.95	10.927200
37.96	14.569600
37.97	13.349600
37.98	12.147200
37.99	13.349600
38.00	12.147200
38.01	13.349600
38.02	12.147200
38.03	13.349600
38.04	12.147200
38.05	10.927200
38.06	14.569600
38.07	10.927200
38.08	14.569600
38.09	10.927200
38.10	14.395200
38.11	11.101600
38.12	14.569600
38.13	10.927200
38.14	14.482400
38.15	11.014400
38.16	14.482400
38.17	11.014400
38.18	10.927200
38.19	14.569600
38.20	10.927200
38.21	14.569600
38.22	10.927200
38.23	14.482400
38.24	11.014400
38.25	14.482400
38.26	11.014400
38.27	14.482400
38.28	11.014400
38.29	14.482400
38.30	11.014400
38.31	10.927200
38.32	14.569600
38.33	10.927200
38.34	14.482400
38.35	13.262400
38.36	12.321600
38.37	13.349600
38.38	12.147200
38.39	13.349600
38.40	12.147200
38.41	10.927200
38.42	14.569600
38.43	10.927200
38.44	14.482400
38.45	11.014400
38.46	14.569600
38.47	10.927200
38.48	14.569600
38.49	10.927200
38.50	14.482400
38.51	11.014400
38.52	14.569600
38.53	10.927200
38.54	14.569600
38.55	10.927200
38.56	14.569600
38.57	10.927200
38.58	14.569600
38.59	10.927200
38.60	14.482400
38.61	10.752800
38.62	14.744000
38.63	11.014400
38.64	14.482400
38.65	11.014400
38.66	14.482400
38.67	11.014400
38.68	10.927200
38.69	14.569600
38.70	12.138400
38.71	13.358400
38.72	13.349600
38.73	12.147200
38.74	13.349600
38.75	12.147200
38.76	14.482400
38.77	10.927200
38.78	11.014400
38.79	14.482400
38.80	11.014400
38.81	14.482400
38.82	11.014400
38.83	14.569600
38.84	13.349600
38.85	12.147200
38.86	10.927200
38.87	14.569600
38.88	10.927200
38.89	14.569600
38.90	10.927200
38.91	14.569600
38.92	10.927200
38.93	14.482400
38.94	11.014400
38.95	14.482400
38.96	11.014400
38.97	14.482400
38.98	11.014400
38.99	14.482400
39.00	11.014400
39.01	14.482400
39.02	11.014400
39.03	14.482400
39.04	11.014400
39.05	10.927200
39.06	14.569600
39.07	10.927200
39.08	14.569600
39.09	10.927200
39.10	14.569600
39.11	10.927200
39.12	14.569600
39.13	12.138400
39.14	13.271200
39.15	11.014400
39.16	14.482400
39.17	11.014400
39.18	14.569600
39.19	10.927200
39.20	14.569600
39.21	10.927200
39.22	14.569600
39.23	10.927200
39.24	14.482400
39.25	11.014400
39.26	14.482400
39.27	11.014400
39.28	14.482400
39.29	11.014400
39.30	14.482400
39.31	11.014400
39.32	10.927200
39.33	14.569600
39.34	13.349600
39.35	12.147200
39.36	14.482400
39.37	11.014400
39.38	14.482400
39.39	11.014400
39.40	14.482400
39.41	11.014400
39.42	10.927200
39.43	14.569600
39.44	10.927200
39.45	14.482400
39.46	11.014400
39.47	14.395200
39.48	11.101600
39.49	14.569600
39.50	13.349600
39.51	12.147200
39.52	10.927200
39.53	14.569600
39.54	10.927200
39.55	14.569600
39.56	10.927200
39.57	14.569600
39.58	10.927200
39.59	14.569600
39.60	10.927200
39.61	14.482400
39.62	11.014400
39.63	14.482400
39.64	11.014400
39.65	14.569600
39.66	10.927200
39.67	14.569600
39.68	10.927200
39.69	14.482400
39.70	11.014400
39.71	14.482400
39.72	11.014400
39.73	14.482400
39.74	11.014400
39.75	14.482400
39.76	11.014400
39.77	14.482400
39.78	11.014400
39.79	13.349600
39.80	12.147200
39.81	13.349600
39.82	12.147200
39.83	14.482400
39.84	11.014400
39.85	14.482400
39.86	11.014400
39.87	10.927200
39.88	14.569600
39.89	10.927200
39.90	14.569600
39.91	13.349600
39.92	12.147200
39.93	12.138400
39.94	13.358400
39.95	13.349600
39.96	12.147200
39.97	10.927200
39.98	14.569600
39.99	10.927200
40.00	14.569600
40.01	10.927200
40.02	14.569600
40.03	10.927200
40.04	14.482400
40.05	11.014400
40.06	14.482400
40.07	11.014400
40.08	14.482400
40.09	11.014400
40.10	14.569600
40.11	10.927200
40.12	14.482400
40.13	11.014400
40.14	14.569600
40.15	10.927200
40.16	14.482400
40.17	11.014400
40.18	14.482400
40.19	11.014400
40.20	14.482400
40.21	11.014400
40.22	14.482400
40.23	11.014400
40.24	12.138400
40.25	13.358400
40.26	13.349600
40.27	12.147200
40.28	14.482400
40.29	11.014400
40.30	14.395200
40.31	11.101600
40.32	14.482400
40.33	11.014400
40.34	10.927200
40.35	14.569600
40.36	12.138400
40.37	13.358400
40.38	14.482400
40.39	11.014400
40.40	14.482400
40.41	11.014400
40.42	10.927200
40.43	14.569600
40.44	12.138400
40.45	13.358400
40.46	13.349600
40.47	12.147200
40.48	14.482400
40.49	11.014400
40.50	14.482400
40.51	11.014400
40.52	10.927200
40.53	14.482400
40.54	11.014400
40.55	14.482400
40.56	13.436800
40.57	12.147200
40.58	13.349600
40.59	12.147200
40.60	13.349600
40.61	12.060000
40.62	11.014400
40.63	14.569600
40.64	10.927200
40.65	14.569600
40.66	10.927200
40.67	14.569600
40.68	10.927200
40.69	14.569600
40.70	10.927200
40.71	14.482400
40.72	10.840000
40.73	14.656800
40.74	11.014400
40.75	14.482400
40.76	11.014400
40.77	14.482400
40.78	11.014400
40.79	13.349600
40.80	12.060000
40.81	14.569600
40.82	11.014400
40.83	13.349600
40.84	12.147200
40.85	14.482400
40.86	11.014400
40.87	14.482400
40.88	11.014400
40.89	10.927200
40.90	14.569600
40.91	13.349600
40.92	12.147200
40.93	13.349600
40.94	12.147200
40.95	14.482400
40.96	11.014400
40.97	10.927200
40.98	14.569600
40.99	10.927200
41.00	14.569600
41.01	10.927200
41.02	14.482400
41.03	11.014400
41.04	14.569600
41.05	10.927200
41.06	14.482400
41.07	11.014400
41.08	14.482400
41.09	11.014400
41.10	14.482400
41.11	11.014400
41.12	14.482400
41.13	11.014400
41.14	14.482400
41.15	11.014400
41.16	7.513600
41.17	0.000000
